2340
2343
5890
6826
8007
8049
12448
12456
12484
32678
52543
159481
159494
167874
167875
169840
169848
174549
174602
177480
179970
179971
181868
181900
181938
181965
183892
190270
191377
193783
193822
193823
193824
193900
197402
197424
197425
199498
199499
200736
200747
204560
204594
204595
206053
206067
206068
206072
207796
207799
209034
209035
209085
209086
209912
210523
211146
211147
211180
211229
211303
211342
211472
212046
212047
212076
212086
219916
219922
219924
219947
219976
220017
226985
227031
227891
227918
227924
238619
238623
243031
244023
246615
246616
250362
250395
250396
254318
254360
254373
254378
256348
256393
261992
263458
263507
263556
266111
274853
274854
274898
277097
282364
282396
282397
286262
308792
390562
400356
400357
400390
406949
406957
407949
408908
408943
415031
415032
417006
417007
417050
420781
420782
420784
420803
420805
420806
420808
420878
421693
421694
421727
425491
425507
426974
427040
427083
427086
428494
428495
428526
428527
431185
431194
433034
433077
433079
433996
437322
437352
440944
440978
440979
443152
443858
443897
443900
444696
444699
444705
444726
448299
448315
448316
451491
451504
451541
452560
452563
452591
456693
456799
456800
456846
458256
458285
458286
458494
458530
461480
462718
463561
463599
464186
464231
466275
466335
466382
466706
466709
466755
474850
474893
476323
478928
478974
478992
479254
479283
480339
480340
491549
496951
496979
510418
510422
512004
515772
538434
628002
633728
637849
637850
638818
641073
641121
647550
648549
648617
654465
654466
660228
660232
660243
661652
665546
667146
671592
671620
671836
676797
676829
678508
679385
682770
682810
682811
687399
687426
687427
689837
692583
692613
693404
693451
693452
693966
694006
694007
694238
694239
694249
694887
699456
707661
707674
709381
711856
712518
712572
715237
715267
721760
721789
722435
722481
729435
731790
